{"segGroups": [{"objectId": 1, "id": 1, "partId": 1, "index": 0, "dominantNormal": [0, -2.220446049250313e-16, 1], "obb": {"axesLengths": [4.030785335656618, 0.2039699508852516, 1.4131446286039555], "centroid": [0.1088584496963772, -0.33339244295913567, -1.4280149673369156], "normalizedAxes": [-0.03329414129257202, 0.9994456171989441, 2.2192150721499362e-16, 0, -2.220446049250313e-16, 1, 0.9994456171989441, 0.03329414129257202, 7.392784449627326e-18]}, "segments": [7777, 14060, 6201, 132, 816, 929, 937, 957, 962, 979, 3120, 3121, 4278, 5456, 6149, 15157, 22173, 22313, 22496, 22500, 22507, 22780, 14270, 3178], "label": "floor"}, {"objectId": 2, "id": 2, "partId": 2, "index": 1, "dominantNormal": [0.9876736998558044, -0.15652675926685333, -3.475592242160393e-17], "obb": {"axesLengths": [2.387515021352572, 3.31169001806475, 0.3007860162211865], "centroid": [0.6550018916356174, 1.0111374744540573, 0.21435498153369914], "normalizedAxes": [0.15652677416801453, 0.9876736998558044, 2.1930761647932605e-16, 0, -2.220446049250313e-16, 1, 0.9876736998558044, -0.15652677416801453, -3.475592573032638e-17]}, "segments": [15036, 12542, 12543, 5313, 6670, 5896, 3827, 3849, 3861, 3882, 3892, 4025, 4048, 4060, 4068, 5360, 5402, 5540, 5550, 5638, 5697, 5736, 5753, 5804, 6607, 6650, 10352, 10405, 11520, 11548, 13324, 13488, 13555, 15633, 15666, 18871, 18877, 18903, 21345, 21808, 22432, 22627, 22640, 22654, 22658, 22760, 22765, 23059, 23206, 23708, 24694, 4028, 8824, 467, 5533, 5587, 19801, 22670, 23001, 18630, 7174, 13014, 12489, 18584, 8056], "label": "wall"}, {"objectId": 3, "id": 3, "partId": 3, "index": 2, "dominantNormal": [-0.16897208988666534, -0.9856208562850952, -2.1885179363969503e-16], "obb": {"axesLengths": [1.1795451751535106, 3.1136899490574743, 0.11046695782130116], "centroid": [0.2982949269603027, 2.252372342182167, 0.29824500050593117], "normalizedAxes": [0.9856208562850952, -0.16897208988666534, -3.7519340942241485e-17, 0, -2.220446049250313e-16, 1, -0.16897208988666534, -0.9856208562850952, -2.1885179363969503e-16]}, "segments": [13509, 16301, 6949, 7247, 25226, 18477, 7248, 12084, 6697, 17216, 17102, 10269, 18529, 23822, 25203, 18513, 17021], "label": "wall"}, {"objectId": 4, "id": 4, "partId": 4, "index": 3, "dominantNormal": [0.9880143404006958, -0.15436221659183502, -3.427529739848612e-17], "obb": {"axesLengths": [2.4408998901107224, 3.4090300036438537, 0.26501108041054583], "centroid": [-0.4051288993706543, 1.1567266057161656, 0.24372499077636767], "normalizedAxes": [0.15436221659183502, 0.9880143404006958, 2.193832538745379e-16, 0, -2.220446049250313e-16, 1, 0.9880143404006958, -0.15436221659183502, -3.427529739848612e-17]}, "segments": [13390, 10840, 9089, 16159, 21848, 17799, 8966, 21319, 8844, 13845, 13919, 13128, 16613, 8971, 8976, 9137, 9166, 19834, 19971, 19997, 20371, 22922, 25520, 1272, 1827, 2857, 15283], "label": "wall"}, {"objectId": 5, "id": 5, "partId": 5, "index": 4, "dominantNormal": [0.9621049165725708, -0.27267947793006897, -6.054700694814596e-17], "obb": {"axesLengths": [1.3071108737348414, 3.0649799615521722, 1.372264009628726], "centroid": [0.0861445311783618, 0.4483085883624919, 0.31999002613149496], "normalizedAxes": [0.9621049165725708, -0.27267947793006897, -6.054700694814596e-17, 0, -2.220446049250313e-16, 1, -0.27267947793006897, -0.9621049165725708, -2.136302060967867e-16]}, "segments": [13951, 19508, 10647, 9239, 9955, 9994, 10376, 11156, 11656, 11661, 12957, 14010, 15121, 15183, 15275, 15278, 15289, 15307, 23017, 23387, 23559, 25938, 12637, 4592, 10400, 532, 22147, 465], "label": "wall"}, {"objectId": 6, "id": 6, "partId": 6, "index": 5, "dominantNormal": [0, -2.220446049250313e-16, 1], "obb": {"axesLengths": [2.478225080988794, 0.35824000034689885, 1.3690881659977676], "centroid": [0.11468791358538999, 1.0850975772618658, 1.7691199924248453], "normalizedAxes": [0.23912066221237183, 0.9709898829460144, 2.1560306494495016e-16, 0, -2.220446049250313e-16, 1, 0.9709898829460144, -0.23912066221237183, -5.3095452970357965e-17]}, "segments": [15909, 8164, 8508, 7305, 7395, 7922, 7983, 7369, 7441, 7472, 7490, 7881, 7882, 7898, 7942, 8026, 8478, 8635, 8695, 11881, 14725, 15083, 17147, 20243, 20357, 20382, 20411, 20792, 20883, 21258, 21385, 22868, 22871, 22885, 23335, 25473, 25846, 25850, 25852], "label": "ceiling"}, {"objectId": 7, "id": 7, "partId": 7, "index": 6, "dominantNormal": [0.990876317024231, -0.13477417826652527, -2.9925879167286344e-17], "obb": {"axesLengths": [0.8217411992871655, 0.8172099407640857, 0.6443555822204501], "centroid": [0.4233166455129221, 0.3370597669566453, -0.9186049550338469], "normalizedAxes": [0.13477419316768646, 0.990876317024231, 2.2001874034321544e-16, 0, -2.220446049250313e-16, 1, 0.990876317024231, -0.13477419316768646, -2.9925882476008794e-17]}, "segments": [10872, 10948, 25015, 6532, 19203, 4448, 4456, 12301, 22934, 22948, 25107, 12051, 3462, 4100, 4132, 7016, 7111, 7143, 7147, 9646, 9903, 10101, 10106, 10788, 11986, 12066, 12069, 13103, 17846, 17882, 17895, 17920, 17959, 17966, 17972, 17995, 18010, 18019, 18021, 18033, 18046, 18048, 18082, 18086, 19701, 21648, 22489, 22495, 22525, 23122, 23123, 23168, 23172, 23175, 23178, 24207, 24208, 24209, 24212, 24216, 24244, 24258, 24264, 24450, 25117, 25126, 25153, 25158, 25165], "label": "sink"}, {"objectId": 8, "id": 8, "partId": 8, "index": 7, "dominantNormal": [0.9476364850997925, -0.31935104727745056, -7.09101771251165e-17], "obb": {"axesLengths": [0.5885762803562976, 0.4748110665050653, 0.456649201273406], "centroid": [0.19331243409552012, 0.23899364147567367, -1.216374494886968], "normalizedAxes": [0.31935104727745056, 0.9476364850997925, 2.1041756894652874e-16, 0, -2.220446049250313e-16, 1, 0.9476364850997925, -0.31935104727745056, -7.09101771251165e-17]}, "segments": [17862, 861, 22849, 7073, 9483, 9291, 903, 7536, 302], "label": "stool"}, {"objectId": 9, "id": 9, "partId": 9, "index": 8, "dominantNormal": [0.992608368396759, -0.12136156857013702, -2.6947681546238172e-17], "obb": {"axesLengths": [0.8380740627960488, 0.4999999888241291, 0.18437192551968667], "centroid": [0.5846457428094658, 0.271661262685679, 0.15999998725950726], "normalizedAxes": [0.12136156857013702, 0.992608368396759, 2.204033330059383e-16, 0, -2.220446049250313e-16, 1, 0.992608368396759, -0.12136156857013702, -2.6947681546238172e-17]}, "segments": [9652, 12745, 10497, 10543, 10626, 10692, 23070, 23309, 23580, 23612, 23615], "label": "mirror"}, {"objectId": 10, "id": 10, "partId": 10, "index": 9, "dominantNormal": [-0.12054498493671417, -0.9927078485488892, -2.204254220370159e-16], "obb": {"axesLengths": [0.8201630062872879, 2.2004199728275826, 0.41274830892114295], "centroid": [0.008534916601340203, 1.7359479488550342, -0.3702099892450126], "normalizedAxes": [0.9927078485488892, -0.12054498493671417, -2.676636355596655e-17, 0, -2.220446049250313e-16, 1, -0.12054498493671417, -0.9927078485488892, -2.204254220370159e-16]}, "segments": [26463, 26554, 26641, 26680, 1026, 1404, 1405, 19063, 1449, 19429, 1721, 26504, 1640, 1303, 1337, 1362, 1403, 1458, 1857, 1917, 1945, 1981, 2073, 3045, 3108, 3273, 3486, 12341, 13297, 13310, 13410, 14843, 14884, 16444, 16677, 17663, 17685, 19945, 20064, 20081, 20845, 20853, 20858, 20868, 20869, 20873, 20889, 20898, 20979, 20980, 21056, 21594, 21780, 22192, 23678, 23679, 24008, 24066, 25288, 25961, 26021, 26094, 26286, 26302, 26360, 26403, 26621, 26628, 26636], "label": "shower curtain"}, {"objectId": 11, "id": 11, "partId": 11, "index": 10, "dominantNormal": [0, -2.220446049250313e-16, 1], "obb": {"axesLengths": [1.2529686934347066, 0.3638698973386754, 0.8479364186701097], "centroid": [0.3617894534194092, 1.9663680914558173, -1.2704549799757823], "normalizedAxes": [0.8470568656921387, -0.5315022468566895, -1.1801720642006007e-16, 0, -2.220446049250313e-16, 1, -0.5315022468566895, -0.8470568656921387, -1.8808440709164624e-16]}, "segments": [16003, 21586, 23971, 1741, 23933, 6011, 14431, 23471, 25042, 26473, 1787, 5591, 5623, 6021, 14378, 19242, 19541, 21574, 22199, 22203, 26425], "label": "shower"}, {"objectId": 12, "id": 12, "partId": 12, "index": 11, "dominantNormal": [0.8348214626312256, 0.5505207180976868, 1.222401553530454e-16], "obb": {"axesLengths": [1.054697021830252, 1.1862299177148206, 0.1634691842361456], "centroid": [-0.261910540274941, -0.3644315095837955, -0.8431149588574104], "normalizedAxes": [-0.5505207180976868, 0.8348215222358704, 1.8536761508777707e-16, 0, -2.220446049250313e-16, 1, 0.8348215222358704, 0.5505207180976868, 1.222401553530454e-16]}, "segments": [2233, 1164, 20562, 1142, 2773, 1210, 1211, 9305, 9324, 22181, 22991], "label": "door"}, {"objectId": 13, "id": 13, "partId": 13, "index": 12, "dominantNormal": [-0.25478193163871765, -0.9669985175132751, -2.1471680378432615e-16], "obb": {"axesLengths": [0.5570500527354878, 2.6548098924426, 0.42962443037726655], "centroid": [0.4335830301835153, 1.0524393834003052, -0.12782502447459776], "normalizedAxes": [0.9669985175132751, -0.25478193163871765, -5.65729533527554e-17, 0, -2.220446049250313e-16, 1, -0.25478193163871765, -0.9669985175132751, -2.1471680378432615e-16]}, "segments": [14679, 16163, 14586, 23726, 14585, 16122, 16190, 23797, 23260, 19872, 20600, 20592, 19864, 15593, 23621, 15608], "label": "toilet"}, {"objectId": 14, "id": 14, "partId": 14, "index": 13, "dominantNormal": [0, -2.220446049250313e-16, 1], "obb": {"axesLengths": [0.5147417953725226, 0.3129800488133716, 0.3385983036246716], "centroid": [-0.34025203278811567, 0.10675353008159386, -1.3074699999957526], "normalizedAxes": [0.04941181465983391, 0.9987784624099731, 2.2177336909345272e-16, 0, -2.220446049250313e-16, 1, 0.9987784624099731, -0.04941181465983391, -1.097162686477169e-17]}, "segments": [6335, 6352, 22269, 6433, 22251, 22288, 22196, 2838, 22235, 22533, 22555, 8436, 22298, 22559, 22740, 22752, 22757], "label": "bucket"}, {"objectId": 16, "id": 16, "partId": 16, "index": 14, "dominantNormal": [0, -2.220446049250313e-16, 1], "obb": {"axesLengths": [0.35350659677604584, 0.23942005099162347, 0.27547420531021793], "centroid": [0.5045408736090026, 0.6685800705794819, -1.3324699755951017], "normalizedAxes": [0.4852841794490814, 0.8743565082550049, 1.9414614543911243e-16, 0, -2.220446049250313e-16, 1, 0.8743565082550049, -0.4852841794490814, -1.0775473390213928e-16]}, "segments": [4961, 5647, 12778, 5891, 22449, 6718], "label": "trash can"}, {"objectId": 17, "id": 17, "partId": 17, "index": 15, "dominantNormal": [-0.2423592060804367, -0.9701865911483765, -2.1542469833510413e-16], "obb": {"axesLengths": [0.33865560805399625, 0.5599999749660495, 0.20509013397328554], "centroid": [0.5604801720748633, -0.06947398734296267, 0.16999998494982727], "normalizedAxes": [0.9701865911483765, -0.2423591911792755, -5.3814550855352364e-17, 0, -2.220446049250313e-16, 1, -0.2423591911792755, -0.9701865911483765, -2.1542469833510413e-16]}, "segments": [10024, 24673, 13664, 23092, 10527, 10667, 12113, 12173, 9033], "label": "hair dryer"}, {"objectId": 22, "id": 22, "partId": 22, "index": 19, "dominantNormal": [0.994106650352478, -0.10840670764446259, -2.4071124570138066e-17], "obb": {"axesLengths": [0.6092729708545336, 0.2424780001682489, 0.17881923474206074], "centroid": [-0.2304560041065683, 2.0321301804799874, -0.05123900693865879], "normalizedAxes": [0.10840670019388199, 0.994106650352478, 2.2073601843086222e-16, 0, -2.220446049250313e-16, 1, 0.994106650352478, -0.10840670019388199, -2.407112291577684e-17]}, "segments": [20209, 25857, 15435, 25871, 15431], "label": "shelf"}, {"objectId": 23, "id": 23, "partId": 23, "index": 20, "dominantNormal": [0.9812906384468079, -0.19253218173980713, -4.27507322297698e-17], "obb": {"axesLengths": [0.12491249908918053, 0.11528402309229913, 0.09558774102946246], "centroid": [0.6906945296173219, 1.3375507454919608, -0.812357979364142], "normalizedAxes": [0.19253218173980713, 0.9812906384468079, 2.178902921305532e-16, 0, -2.220446049250313e-16, 1, 0.9812906384468079, -0.19253218173980713, -4.27507322297698e-17]}, "segments": [22606, 19223, 5251], "label": "toilet paper dispenser"}], "scan_id": "0ad2d3a3-79e2-2212-9a51-9094be707ec2", "annId": "6514", "appId": "stk.v1"}