{"segGroups": [{"objectId": 1, "id": 1, "partId": 1, "index": 0, "dominantNormal": [0, -2.220446049250313e-16, 1], "obb": {"axesLengths": [1.774099324538808, 0.2114199352692081, 1.1788676746294937], "centroid": [0.11012281798814294, 0.6484635568573418, -1.435710080166237], "normalizedAxes": [0.30702534317970276, 0.9517013430595398, 2.113201487262772e-16, 0, -2.220446049250313e-16, 1, 0.9517013430595398, -0.30702534317970276, -6.817332102830925e-17]}, "segments": [2363, 3363, 4109, 4218, 5817, 5838, 6024, 6087, 16065, 17758, 17761, 5894, 8921], "label": "floor"}, {"objectId": 4, "id": 4, "partId": 4, "index": 1, "dominantNormal": [0.9527395367622375, -0.30378830432891846, -6.745455401555988e-17], "obb": {"axesLengths": [2.762426634579011, 3.309019968457072, 0.24206565630483287], "centroid": [-0.3327080625572696, 1.0139170521344374, 0.1471898721507925], "normalizedAxes": [0.30378830432891846, 0.9527395367622375, 2.1155067403682838e-16, 0, -2.220446049250313e-16, 1, 0.9527395367622375, -0.30378830432891846, -6.745455401555988e-17]}, "segments": [2855, 4157, 8643, 8647, 8672, 8679, 8891, 11494, 11781, 13113, 13230, 13620, 13914, 16112, 16130, 16131, 17354, 18017, 18040, 18044, 20345, 20398, 20637], "label": "wall"}, {"objectId": 12, "id": 12, "partId": 12, "index": 2, "dominantNormal": [0.9872080087661743, -0.15943767130374908, -3.5402274734807967e-17], "obb": {"axesLengths": [0.1548485583455828, 1.2308300160431107, 0.09810914191382492], "centroid": [-0.493917250766446, -0.014255030301917104, -0.8854151120595275], "normalizedAxes": [0.15943767130374908, 0.9872080087661743, 2.1920421228531202e-16, 0, -2.220446049250313e-16, 1, 0.9872080087661743, -0.15943767130374908, -3.5402274734807967e-17]}, "segments": [4309, 4347, 17329], "label": "door"}, {"objectId": 7, "id": 7, "partId": 7, "index": 3, "dominantNormal": [0.9999998211860657, -0.0005928678438067436, -1.3164310615082356e-19], "obb": {"axesLengths": [0.7507413662549414, 0.6399999713897708, 0.42084933677711717], "centroid": [0.41939465597968295, 0.24536520956893415, -0.8500000445823397], "normalizedAxes": [0.0005928678438067436, 0.9999998211860657, 2.220445652203619e-16, 0, -2.220446049250313e-16, 1, 0.9999998211860657, -0.0005928678438067436, -1.3164310615082356e-19]}, "segments": [4594, 7077, 15522, 15578, 15590, 15613, 15803, 16720, 16756, 16854, 16870, 16891, 19110, 19521, 20183], "label": "sink"}, {"objectId": 11, "id": 11, "partId": 11, "index": 4, "dominantNormal": [-0.19333429634571075, -0.9811329245567322, -2.1785527261214014e-16], "obb": {"axesLengths": [1.2509455786793346, 1.4859700317836535, 0.8386876663358134], "centroid": [0.4759377011808413, 1.8059527151606214, -0.952985103985557], "normalizedAxes": [0.9811329245567322, -0.19333429634571075, -4.292883745054227e-17, 0, -2.220446049250313e-16, 1, -0.19333429634571075, -0.9811329245567322, -2.1785527261214014e-16]}, "segments": [4954, 4974, 5738, 6117, 6203, 6246, 6255, 6287, 6293, 6299, 6315, 6340, 6353, 6383, 7526, 7593, 8196, 8264, 9955, 12178, 14998, 15927, 17521, 17524, 17773, 18312, 18320, 18638, 18713, 19021, 19638, 18845, 4797, 8337], "label": "shower"}, {"objectId": 16, "id": 16, "partId": 16, "index": 5, "dominantNormal": [0.7387816309928894, -0.673944890499115, -1.4964582695211947e-16], "obb": {"axesLengths": [0.46285655128855624, 0.3787900124760715, 0.3492561131749355], "centroid": [0.49340704162654725, 0.5560828888107843, -1.3445550300186526], "normalizedAxes": [0.673944890499115, 0.7387816309928894, 1.640424753796864e-16, 0, -2.220446049250313e-16, 1, 0.7387816309928894, -0.673944890499115, -1.4964582695211947e-16]}, "segments": [5038, 9203, 9320, 9391, 9405, 9530, 9697, 14542, 17660, 14068], "label": "trash can"}, {"objectId": 14, "id": 14, "partId": 14, "index": 6, "dominantNormal": [0.9166862368583679, -0.39960777759552, -8.873075110116702e-17], "obb": {"axesLengths": [0.4143520832733842, 0.3445399922607839, 0.3422954323835944], "centroid": [-0.44038980273241535, 0.32727329826271545, -1.365360030812475], "normalizedAxes": [0.39960774779319763, 0.9166862368583679, 2.0354523330342998e-16, 0, -2.220446049250313e-16, 1, 0.9166862368583679, -0.39960774779319763, -8.873074448372212e-17]}, "segments": [6102, 6343, 6599, 7334, 7342, 7366, 7482, 7487, 7488, 7631, 7740, 7897, 17346, 17413, 17446, 17464, 17468, 17419, 6070], "label": "bucket"}, {"objectId": 13, "id": 13, "partId": 13, "index": 7, "dominantNormal": [-0.3910905420780182, -0.9203522205352783, -2.0435924520063116e-16], "obb": {"axesLengths": [0.5584240775656244, 2.6921898716943726, 0.43649203868359493], "centroid": [0.5263566603737737, 0.9275160238928181, -0.17609510425817376], "normalizedAxes": [0.9203522205352783, -0.3910905420780182, -8.683954490562988e-17, 0, -2.220446049250313e-16, 1, -0.3910905420780182, -0.9203522205352783, -2.0435924520063116e-16]}, "segments": [6530, 10412, 13987, 14076, 14087, 14257, 14385, 14404, 15777, 8039, 9098, 9180, 16013, 18093, 18095, 18109, 20310, 20340], "label": "toilet"}, {"objectId": 5, "id": 5, "partId": 5, "index": 8, "dominantNormal": [0.06628607958555222, -0.9978006482124329, -2.215562507262698e-16], "obb": {"axesLengths": [0.6997861868402384, 1.3936659680232555, 0.35416220632191087], "centroid": [-0.46587530095508023, -0.1315594356837253, 1.0989968878721355], "normalizedAxes": [0.9978006482124329, 0.06628607958555222, 1.4718466353603125e-17, 0, -2.220446049250313e-16, 1, 0.06628607958555222, -0.9978006482124329, -2.215562507262698e-16]}, "segments": [10599, 11095, 12945, 12982, 13119, 13494, 14347, 19107], "label": "wall"}, {"objectId": 22, "id": 22, "partId": 22, "index": 9, "dominantNormal": [0.9618204832077026, -0.27368104457855225, -6.076939941891452e-17], "obb": {"axesLengths": [0.7162903291057412, 0.23999999858438958, 0.16292040349255416], "centroid": [0.0010742641280768739, 1.9419642428086852, -0.11000009908333652], "normalizedAxes": [0.27368104457855225, 0.9618204832077026, 2.1356704920265704e-16, 0, -2.220446049250313e-16, 1, 0.9618204832077026, -0.27368104457855225, -6.076939941891452e-17]}, "segments": [7157, 7193, 13848, 13851, 19336, 19333], "label": "shelf"}, {"objectId": 9, "id": 9, "partId": 9, "index": 10, "dominantNormal": [-0.20342420041561127, -0.979090690612793, -2.1740180558289367e-16], "obb": {"axesLengths": [0.08239571729651743, 0.10000000111758701, 0.040951356592897], "centroid": [0.6475915737754754, 0.508408166296046, -0.04000010034993462], "normalizedAxes": [0.979090690612793, -0.20342421531677246, -4.5169249522197244e-17, 0, -2.220446049250313e-16, 1, -0.20342421531677246, -0.979090690612793, -2.1740180558289367e-16]}, "segments": [12990], "label": "mirror"}, {"objectId": 23, "id": 23, "partId": 23, "index": 11, "dominantNormal": [0.7602679133415222, -0.6496096849441528, -1.4424232584889847e-16], "obb": {"axesLengths": [0.14807571218876342, 0.14271801391129157, 0.1042204265005348], "centroid": [0.8333905019434121, 1.1730259681333988, -0.8786410592333773], "normalizedAxes": [0.6496096253395081, 0.7602679133415222, 1.6881338845509624e-16, 0, -2.220446049250313e-16, 1, 0.7602679133415222, -0.6496096253395081, -1.4424231261400867e-16]}, "segments": [15477, 15452, 20212, 15535, 20174], "label": "toilet paper dispenser"}, {"objectId": 2, "id": 2, "partId": 2, "index": 12, "dominantNormal": [0.9465144276618958, -0.322661429643631, -7.164522966976583e-17], "obb": {"axesLengths": [2.315747497012926, 3.3355598896244176, 0.34931946669055847], "centroid": [0.814820331259181, 0.8729101050917438, 0.13777990827649633], "normalizedAxes": [0.32266145944595337, 0.9465144276618958, 2.1016842214602777e-16, 0, -2.220446049250313e-16, 1, 0.9465144276618958, -0.32266145944595337, -7.164523628721073e-17]}, "segments": [14, 23, 264, 273, 287, 2244, 2267, 2271, 2489, 2547, 2634, 3381, 5030, 5054, 5217, 5292, 5372, 5441, 6846, 6892, 7007, 7020, 7021, 8067, 8476, 9491, 9526, 10463, 10618, 10658, 10693, 10728, 10733, 10739, 11034, 11184, 11272, 11423, 11435, 11948, 11985, 12016, 12128, 12761, 13240, 14249, 14355, 14509, 14514, 14731, 14766, 14779, 14800, 14856, 15023, 15799, 16204, 16351, 16363, 16571, 16579, 16588, 16677, 16757, 16808, 16872, 17101, 17201, 17205, 17213, 17298, 17513, 17963, 17999, 18010, 18356, 18426, 18490, 18494, 18773, 18776, 18808, 19354, 19463, 19522, 19542, 19865, 20229, 20300, 20656, 20668, 20671, 20676, 20681, 7034, 19538, 14508, 19483, 15842, 7087], "label": "wall"}, {"objectId": 10, "id": 10, "partId": 10, "index": 13, "dominantNormal": [-0.42826199531555176, -0.9036546349525452, -2.0065163640671128e-16], "obb": {"axesLengths": [0.601388233122262, 2.135989022195583, 0.2937835260056884], "centroid": [0.15086164841630578, 1.6397314272063155, -0.3977256129724065], "normalizedAxes": [0.9036546349525452, -0.42826196551322937, -9.50932589368024e-17, 0, -2.220446049250313e-16, 1, -0.42826196551322937, -0.9036546349525452, -2.0065163640671128e-16]}, "segments": [81, 250, 255, 318, 873, 912, 934, 1250, 1537, 2195, 2725, 2809, 2833, 3656, 3685, 4668, 4697, 5260, 5270, 5504, 5543, 6060, 7314, 7382, 7449, 8554, 8558, 9014, 9315, 9349, 10351, 10821, 11246, 11387, 11388, 13309, 13333, 13355, 13440, 17349, 17358, 17363, 17599, 17643, 17825, 17856, 17959, 17961, 17974, 18169, 18225, 18481, 18498, 18625, 18627, 19220, 19239, 19276, 19305, 7589], "label": "shower curtain"}, {"objectId": 3, "id": 3, "partId": 3, "index": 14, "dominantNormal": [-0.32452523708343506, -0.9458770155906677, -2.100268882344975e-16], "obb": {"axesLengths": [1.1807627959109612, 3.173249889018015, 0.15345564482218804], "centroid": [0.58304088138651, 2.1250941795504397, 0.2277249245575419], "normalizedAxes": [0.9458770155906677, -0.32452523708343506, -7.205907805639346e-17, 0, -2.220446049250313e-16, 1, -0.32452523708343506, -0.9458770155906677, -2.100268882344975e-16]}, "segments": [814, 1113, 1992, 2006, 4266, 4300, 4322, 14360, 14410, 15397, 19432, 19437], "label": "wall"}, {"objectId": 6, "id": 6, "partId": 6, "index": 15, "dominantNormal": [0, -2.220446049250313e-16, 1], "obb": {"axesLengths": [2.1056470032092385, 0.2780699667765957, 1.4660843949357847], "centroid": [0.26229046048077753, 1.254063772473696, 1.7096748168560483], "normalizedAxes": [0.5154663324356079, 0.8569098114967346, 1.902722005501755e-16, 0, -2.220446049250313e-16, 1, 0.8569098114967346, -0.5154663324356079, -1.144565181378194e-16]}, "segments": [1094, 1602, 3089, 3125, 3141, 3175, 3491, 3580, 4101, 6780, 8665, 11975, 12144, 13972, 13975, 17338, 18394], "label": "ceiling"}, {"objectId": 8, "id": 8, "partId": 8, "index": 16, "dominantNormal": [0.04558751732110977, 0.9989603757858276, 2.218137619771249e-16], "obb": {"axesLengths": [0.39169655670648285, 0.4589400188861781, 0.4086541142908868], "centroid": [0.19895713361275003, 0.3467994150339926, -1.2605300661336651], "normalizedAxes": [0.04558751732110977, 0.9989603757858276, 2.218137619771249e-16, 0, -2.220446049250313e-16, 1, 0.9989603757858276, -0.04558751732110977, -1.0122462273078841e-17]}, "segments": [1793, 1800, 1830, 4155, 4241, 4292, 4579, 4584, 4642, 4718, 16950, 16979, 16994, 17001, 17006, 17261, 4146], "label": "stool"}], "scan_id": "0ad2d3a5-79e2-2212-9a9e-2502a05fa678", "annId": "6515", "appId": "stk.v1"}