{"segGroups": [{"objectId": 1, "id": 1, "partId": 1, "index": 0, "dominantNormal": [0, -2.220446049250313e-16, 1], "obb": {"axesLengths": [4.652879112538145, 0.2620099724379926, 4.6006703985890285], "centroid": [0.6265130157998242, -0.7966929341378226, -1.4010051110949704], "normalizedAxes": [0.4355087876319885, 0.9001844525337219, 1.9988110112250588e-16, 0, -2.220446049250313e-16, 1, 0.9001844525337219, -0.4355087876319885, -9.670237669112425e-17]}, "segments": [38033, 11207, 50136, 10149, 12384, 13216, 16023, 22968, 23368, 28289, 30721, 35102, 35130, 39595, 56529, 57500, 57855, 36729, 36784, 13929, 10169, 18184, 57746, 26192, 16284], "label": "floor"}, {"objectId": 2, "id": 2, "partId": 2, "index": 1, "dominantNormal": [0, -2.220446049250313e-16, 1], "obb": {"axesLengths": [2.599356164013266, 0.7810799900946019, 2.418164272525895], "centroid": [1.3040929323886667, -0.997706383271567, -1.0405401290129834], "normalizedAxes": [0.9129582643508911, -0.4080529510974884, -9.060595631493493e-17, 0, -2.220446049250313e-16, 1, -0.4080529510974884, -0.9129582643508911, -2.027174571208359e-16]}, "segments": [42176, 51086, 51386, 41060, 42803, 57908, 19139, 43366, 21558, 44355, 51510, 38235, 21033, 41235, 31182, 61414, 40478, 8435, 9988, 21007, 21171, 21377, 21378, 21993, 22013, 22196, 22253, 22467, 22846, 24098, 24101, 30685, 30781, 30839, 35560, 35986, 36480, 37194, 38086, 38093, 39347, 39420, 39926, 40486, 40981, 40987, 41090, 41124, 41142, 42685, 42711, 42798, 42844, 42930, 43818, 43838, 44388, 46693, 47504, 47509, 48233, 54181, 56439, 56461, 56522, 57167, 58631, 58635, 58643, 59023, 59818, 59821, 59829, 37154, 22895, 42911, 56990, 35409, 21201, 36868, 41329, 43359, 46678, 46730, 46756], "label": "bed"}, {"objectId": 3, "id": 3, "partId": 3, "index": 2, "dominantNormal": [0.9992980360984802, 0.03746200352907181, 8.318235773312878e-18], "obb": {"axesLengths": [3.4119021931091345, 3.36424998869933, 0.19479713939135238], "centroid": [2.32572240360961, -0.7288300882604106, 0.23212480673980407], "normalizedAxes": [-0.03746200352907181, 0.9992980360984802, 2.2188873762784672e-16, 0, -2.220446049250313e-16, 1, 0.9992980360984802, 0.03746200352907181, 8.318235773312878e-18]}, "segments": [50054, 24326, 45171, 39683, 27130, 45341, 5918, 47084, 59514, 39669, 19480, 19493, 19501, 22634, 26628, 30461, 33492, 36447, 36464, 39747, 41539, 44118, 44210, 45225, 45307, 45777, 54514, 59690, 50382, 46066, 5882, 20201, 59390, 31664, 26528, 59320], "label": "wall"}, {"objectId": 4, "id": 4, "partId": 4, "index": 3, "dominantNormal": [0, -2.220446049250313e-16, 1], "obb": {"axesLengths": [4.549125191217445, 0.11033999673262297, 4.5053404255536105], "centroid": [0.6242825765469912, -0.7717242739828711, 1.9051698085212738], "normalizedAxes": [0.8911938071250916, 0.4536227583885193, 1.007244861713817e-16, 0, -2.220446049250313e-16, 1, 0.4536227583885193, -0.8911938071250916, -1.978847768147255e-16]}, "segments": [51592, 761, 20661, 60047, 60110, 60170, 5866, 49487, 60021], "label": "ceiling"}, {"objectId": 5, "id": 5, "partId": 5, "index": 4, "dominantNormal": [0.06852056831121445, -0.9976497292518616, -2.2152273998529405e-16], "obb": {"axesLengths": [3.5100972292391495, 3.45437995818898, 0.39509922390260954], "centroid": [0.6894007683127924, -2.5688530646194705, 0.21718985004619107], "normalizedAxes": [0.9976497292518616, 0.06852056831121445, 1.5214622519902232e-17, 0, -2.220446049250313e-16, 1, 0.06852056831121445, -0.9976497292518616, -2.2152273998529405e-16]}, "segments": [30235, 14037, 41112, 6497, 2201, 1433, 1515, 1536, 1564, 1613, 1809, 1981, 2217, 2335, 2337, 2350, 2558, 2640, 2672, 2719, 2821, 2845, 9307, 14265, 17292, 17308, 17704, 21506, 23224, 32759, 41771, 43131, 48615, 48666, 51789, 51800, 51803, 55289, 60057, 17727, 17474, 3750, 2470, 6865, 52207, 1638, 1824, 2298, 2476, 2395, 51866, 51890, 3828, 14299, 14379, 14502, 53769, 17513, 53841, 17011, 52807, 51822], "label": "wall"}, {"objectId": 6, "id": 6, "partId": 6, "index": 5, "dominantNormal": [0.9991217255592346, 0.041901957243680954, 9.304103541758691e-18], "obb": {"axesLengths": [3.4826072148268152, 3.428459925313443, 0.246837726509336], "centroid": [-1.0317914456555175, -0.8664020092859134, 0.21981978572883243], "normalizedAxes": [-0.041901957243680954, 0.9991217255592346, 2.218495888238158e-16, 0, -2.220446049250313e-16, 1, 0.9991217255592346, 0.041901957243680954, 9.304103541758691e-18]}, "segments": [10727, 50339, 32874, 1468, 9590, 9834, 20149, 20155, 32895, 46673, 53177, 54236, 58469, 59065, 8848, 15551, 16116, 14738, 1871, 3892, 8989, 10154, 14895, 21554, 26071, 32832, 46618, 52334, 53082, 53099, 14627], "label": "wall"}, {"objectId": 7, "id": 7, "partId": 7, "index": 6, "dominantNormal": [0.9488331079483032, 0.3157780170440674, 7.011680503855974e-17], "obb": {"axesLengths": [1.1810641733383507, 2.504129949864819, 0.6301361211905314], "centroid": [-0.6654996980407463, -1.6593741843603234, -0.26206515986006274], "normalizedAxes": [-0.315777987241745, 0.9488331079483032, 2.1068327259417057e-16, 0, -2.220446049250313e-16, 1, 0.9488331079483032, 0.315777987241745, 7.011679842111484e-17]}, "segments": [45894, 19910, 6046, 6059, 14145, 14156, 14163, 16376, 19284, 20418, 20441, 20461, 20469, 20522, 24875, 24924, 24930, 25493, 25522, 25571, 25579, 25593, 25614, 25669, 25681, 27915, 27933, 27981, 28105, 28132, 28155, 28210, 28216, 28219, 28248, 28278, 28611, 28635, 28655, 28697, 28758, 29082, 34393, 34484, 34489, 34784, 35881, 36707, 52734, 52736, 54143, 54148, 54393, 54396, 54403, 54776, 54783, 54818, 55612, 55618, 55620, 55625, 55637, 55704, 55740, 55931, 35816, 30012, 28742, 29211, 34779, 52325, 14935, 7546, 8171, 28197, 28276, 34568], "label": "wardrobe"}, {"objectId": 8, "id": 8, "partId": 8, "index": 7, "dominantNormal": [0.9030942916870117, -0.4294423758983612, -9.53553626944184e-17], "obb": {"axesLengths": [0.8043080255405232, 1.0303319462314555, 0.656795274576864], "centroid": [-0.4416740778682662, -0.5966089829326906, -0.9417141400681994], "normalizedAxes": [0.4294423758983612, 0.9030942320823669, 2.005272019728037e-16, 0, -2.220446049250313e-16, 1, 0.9030942320823669, -0.4294423758983612, -9.53553626944184e-17]}, "segments": [17078, 39459, 22361, 38835, 54227, 38305, 56279, 56276, 13286, 15746, 16705, 38836, 38845, 39984, 56286, 16853, 38327, 15287, 18031, 16701, 17389, 15339, 15770], "label": "chair"}, {"objectId": 9, "id": 9, "partId": 9, "index": 8, "dominantNormal": [0.06636121869087219, -0.9977956414222717, -2.2155513899552653e-16], "obb": {"axesLengths": [1.709969428265662, 3.084119966236054, 0.25795299432861235], "centroid": [0.6562012295953085, -2.3762325380429337, 0.08793980334409035], "normalizedAxes": [0.9977956414222717, 0.06636121869087219, 1.473515058655832e-17, 0, -2.220446049250313e-16, 1, 0.06636121869087219, -0.9977956414222717, -2.2155513899552653e-16]}, "segments": [21661, 23528, 9402, 17809, 59857, 15099, 52506, 16775, 15047, 61047, 7454, 9455, 48959, 31033, 13457, 61005, 44730, 16504, 50363, 60884, 48731, 48103, 60673, 43118, 6732, 5168, 60621, 18565, 11541, 20611, 60310, 56308, 2066, 1666, 60837, 34755, 12475, 9434, 58976, 32456, 9375, 55889, 55837, 10338, 55792, 11354, 4, 88, 2059, 2071, 2076, 7474, 9298, 9347, 9485, 9686, 11048, 11130, 12623, 13382, 13741, 13747, 18722, 20607, 21601, 23178, 27727, 31006, 34025, 34843, 43019, 43028, 43041, 43077, 43139, 43180, 44451, 44789, 45034, 45060, 46914, 48440, 50347, 53509, 53520, 53536, 53559, 53580, 53615, 53651, 54152, 54156, 55923, 56292, 57966, 57975, 57983, 58819, 58901, 58911, 58945, 58955, 59934, 59963, 60264, 60400, 60661, 60678, 60755, 55357, 15830, 15656, 18826, 38744, 6343, 50315, 55395, 56379, 32380, 22045, 9753, 23241], "label": "curtain"}, {"objectId": 10, "id": 10, "partId": 10, "index": 9, "dominantNormal": [0.03655068576335907, -0.9993317723274231, -2.21896228575474e-16], "obb": {"axesLengths": [3.5489160722296207, 3.373439951834678, 0.15038957450247115], "centroid": [0.5758385697117819, 0.8917236034180558, 0.23322981722459657], "normalizedAxes": [0.9993317723274231, 0.03655068576335907, 8.115882580064031e-18, 0, -2.220446049250313e-16, 1, 0.03655068576335907, -0.9993317723274231, -2.21896228575474e-16]}, "segments": [34217, 26130, 49711, 3279, 4100, 7492, 9148, 9204, 28418, 29949, 29953, 31963, 36180, 37610, 38419, 40292, 46575, 46630, 47247, 49268, 54797, 54814, 55276, 55438, 59086, 9596, 9610, 45135, 54949], "label": "wall"}, {"objectId": 11, "id": 11, "partId": 11, "index": 10, "dominantNormal": [0.07465129345655441, -0.9972097277641296, -2.214250400287842e-16], "obb": {"axesLengths": [0.7563481246794244, 2.1210008981600197, 0.10780391106851304], "centroid": [1.7678986655359394, 1.0478506879116363, -0.3704696448084781], "normalizedAxes": [0.9972097277641296, 0.07465128600597382, 1.6575915308341974e-17, 0, -2.220446049250313e-16, 1, 0.07465128600597382, -0.9972097277641296, -2.214250400287842e-16]}, "segments": [30082, 26758, 26739, 56185, 27289], "label": "door"}, {"objectId": 12, "id": 12, "partId": 12, "index": 11, "dominantNormal": [0.978364109992981, 0.2068905234336853, 4.5938924538565585e-17], "obb": {"axesLengths": [1.1791682034173274, 1.618680008828341, 0.7280532149305782], "centroid": [-0.8711453566556066, -0.5145836504281378, -0.6393401787619992], "normalizedAxes": [-0.2068905234336853, 0.978364109992981, 2.1724047227622133e-16, 0, -2.220446049250313e-16, 1, 0.978364109992981, 0.2068905234336853, 4.5938924538565585e-17]}, "segments": [15202, 14996, 15016, 12914, 12981, 16764, 53349, 12960, 13058, 52813, 52819, 13572, 15249, 52858, 15376, 10849, 10906, 10911, 11002, 11007, 12113, 12525, 12793, 12880, 13034, 13042, 13062, 13947, 13981, 14831, 15170, 15362, 52547, 52938, 53121, 53208, 13765, 13803, 13753, 11160, 12575, 10585, 11147, 11161, 12481, 12535, 12571, 12826, 13087, 13099, 13118, 13144, 13166, 13172, 13660, 14021, 15425, 15716, 15727, 18270, 52376, 52378, 52521, 52572, 52611, 52659, 54041, 54051, 54057, 10968, 24621, 24545, 43289, 58257, 12592, 12609, 10717, 10792, 13489, 13625, 14018, 15472, 16051, 16074, 16104, 18038, 23555, 23830, 23869, 38998, 43336, 53188, 54323], "label": "table"}, {"objectId": 13, "id": 13, "partId": 13, "index": 12, "dominantNormal": [0.9729297757148743, 0.23110085725784302, 5.131469854765381e-17], "obb": {"axesLengths": [0.48758178161191756, 0.4400000473856913, 0.3170878873601413], "centroid": [2.293471656759086, -2.0318557146319973, -0.9900001597446901], "normalizedAxes": [-0.23110085725784302, 0.9729297757148743, 2.1603380766840858e-16, 0, -2.220446049250313e-16, 1, 0.9729297757148743, 0.23110085725784302, 5.131469854765381e-17]}, "segments": [36272, 36642, 35128, 45525, 35066, 43311, 58712, 58715, 36214, 36905, 58730, 19159, 58688, 45441], "label": "nightstand"}, {"objectId": 14, "id": 14, "partId": 14, "index": 13, "dominantNormal": [0.9993990063667297, -0.03466465324163437, -7.69709923390191e-18], "obb": {"axesLengths": [0.41918358854072985, 0.4524999755807224, 0.3191885684318137], "centroid": [2.1815737184298745, 0.1046117831999599, -0.9962501238422059], "normalizedAxes": [0.03466465324163437, 0.9993990063667297, 2.2191115753116935e-16, 0, -2.220446049250313e-16, 1, 0.9993990063667297, -0.03466465324163437, -7.69709923390191e-18]}, "segments": [54249, 54307, 55019, 23073, 21725, 21740, 21752, 21767, 21780, 23190, 33784, 54170, 23082, 33573, 33586, 22696], "label": "nightstand"}, {"objectId": 15, "id": 15, "partId": 15, "index": 14, "dominantNormal": [-0.38756251335144043, -0.921843409538269, -2.0469035567366879e-16], "obb": {"axesLengths": [0.20727824632449315, 0.1584499740947043, 0.1041761275930488], "centroid": [2.2803188868152526, -1.865885676767536, -0.4395541534714953], "normalizedAxes": [0.921843409538269, -0.38756251335144043, -8.605616516087276e-17, 0, -2.220446049250313e-16, 1, -0.38756251335144043, -0.921843409538269, -2.0469035567366879e-16]}, "segments": [56879, 42130, 19396], "label": "lamp"}, {"objectId": 16, "id": 16, "partId": 16, "index": 15, "dominantNormal": [-0.165029376745224, -0.9862886667251587, -2.1900007734502373e-16], "obb": {"axesLengths": [0.2149464659271517, 0.15604200610424557, 0.12854751076077256], "centroid": [2.20465304522819, -0.07363161843412691, -0.4202911546058692], "normalizedAxes": [0.9862886667251587, -0.1650293618440628, -3.664387945169496e-17, 0, -2.220446049250313e-16, 1, -0.1650293618440628, -0.9862886667251587, -2.1900007734502373e-16]}, "segments": [54321, 54498, 24988], "label": "lamp"}, {"objectId": 17, "id": 17, "partId": 17, "index": 16, "dominantNormal": [0.04689030721783638, -0.9989000558853149, -2.2180036826864645e-16], "obb": {"axesLengths": [0.7809697649519642, 0.44329998768940604, 0.14445863692813765], "centroid": [0.5821261691368183, 0.8452169087124461, 0.17164982188106048], "normalizedAxes": [0.9989000558853149, 0.04689031094312668, 1.0411740568178436e-17, 0, -2.220446049250313e-16, 1, 0.04689031094312668, -0.9989000558853149, -2.2180036826864645e-16]}, "segments": [27886, 24748, 37881, 27843, 28481, 37849], "label": "tv"}, {"objectId": 18, "id": 18, "partId": 18, "index": 17, "dominantNormal": [0.02842728979885578, -0.9995958805084229, -2.2195487237218156e-16], "obb": {"axesLengths": [0.8472908139751273, 0.3623200573998675, 0.20972830621817934], "centroid": [-0.611205070915539, 0.780174920220098, 1.2824398057320012], "normalizedAxes": [0.9995958805084229, 0.028427287936210632, 6.3121259188859985e-18, 0, -2.220446049250313e-16, 1, 0.028427287936210632, -0.9995958805084229, -2.2195487237218156e-16]}, "segments": [29652, 54418, 27228, 19641, 59109, 29794], "label": "air conditioner"}, {"objectId": 19, "id": 19, "partId": 19, "index": 18, "dominantNormal": [-0.0644935742020607, -0.9979181289672852, -2.2158233669406727e-16], "obb": {"axesLengths": [0.8579422546457195, 0.4665599957132338, 0.4302203698277395], "centroid": [0.5705058808082133, 0.7304865289354519, -1.2014001274583448], "normalizedAxes": [0.9979181289672852, -0.0644935742020607, -1.432045020389976e-17, 0, -2.220446049250313e-16, 1, -0.0644935742020607, -0.9979181289672852, -2.2158233669406727e-16]}, "segments": [40211, 28881, 30388, 57118, 31317, 42406, 56703, 29740, 56956, 42436, 42449, 42328, 57088, 25919, 25931, 25937, 25963, 25995, 26137, 26163, 28945, 29001, 29422, 29426, 29477, 29711, 29749, 29779, 29846, 30439, 30488, 30561, 30573, 30600, 30875, 41167, 54408, 55073, 55083, 55089, 55153, 55155, 55157, 55209, 56714, 56738, 56939, 57069, 57072, 57084, 57131, 58629], "label": "shoe rack"}, {"objectId": 20, "id": 20, "partId": 20, "index": 19, "dominantNormal": [0, -2.220446049250313e-16, 1], "obb": {"axesLengths": [0.8602203341159351, 0.2593489827361181, 0.7923582654436447], "centroid": [1.8657097808013812, -1.0206786102453702, -0.749974644784972], "normalizedAxes": [0.8626136779785156, -0.5058633089065552, -1.1232421857222512e-16, 0, -2.220446049250313e-16, 1, -0.5058633089065552, -0.8626136779785156, -1.9153871332966768e-16]}, "segments": [48147, 47864, 44906, 47536, 47586, 59143, 59165, 59742, 59805, 48381], "label": "pillow"}, {"objectId": 21, "id": 21, "partId": 21, "index": 20, "dominantNormal": [0.9916194677352905, 0.12919321656227112, 2.86866567305635e-17], "obb": {"axesLengths": [0.6378547964737701, 0.4640730217678915, 0.3747687964999809], "centroid": [2.188752487425942, -0.5696435047462642, -0.6420366704796248], "normalizedAxes": [-0.12919321656227112, 0.9916194677352905, 2.2018375294925242e-16, 0, -2.220446049250313e-16, 1, 0.9916194677352905, 0.12919321656227112, 2.86866567305635e-17]}, "segments": [47693, 24377, 24626, 59274], "label": "pillow"}, {"objectId": 22, "id": 22, "partId": 22, "index": 21, "dominantNormal": [0, -2.220446049250313e-16, 1], "obb": {"axesLengths": [0.7117233750290997, 0.24410902908200693, 0.5886366616973628], "centroid": [1.8577600172986735, -0.5887942491106288, -0.7520546680272067], "normalizedAxes": [0.874099612236023, -0.48574671149253845, -1.0785743664699387e-16, 0, -2.220446049250313e-16, 1, -0.48574671149253845, -0.874099612236023, -1.9408910306407078e-16]}, "segments": [47384, 46798, 46803, 47576, 46820, 59135], "label": "pillow"}, {"objectId": 27, "id": 27, "partId": 27, "index": 24, "dominantNormal": [0.9978386163711548, 0.06571242958307266, 1.459109046543731e-17], "obb": {"axesLengths": [0.18087125747872904, 0.1800000031292437, 0.01981826383497154], "centroid": [2.361322757337367, -1.9396817355129832, 0.5999998082923188], "normalizedAxes": [-0.06571242958307266, 0.9978386163711548, 2.2156468135107294e-16, 0, -2.220446049250313e-16, 1, 0.9978386163711548, 0.06571242958307266, 1.459109046543731e-17]}, "segments": [1221], "label": "picture"}, {"objectId": 29, "id": 29, "partId": 29, "index": 25, "dominantNormal": [0, -2.220446049250313e-16, 1], "obb": {"axesLengths": [0.37576581791228636, 0.10983001940332304, 0.3206246727105298], "centroid": [1.7023247479332226, 0.24999185758209674, -1.3824751003320854], "normalizedAxes": [0.9999939203262329, -0.0034812462981790304, -7.729919589258905e-19, 0, -2.220446049250313e-16, 1, -0.0034812462981790304, -0.9999939203262329, -2.2204325496627162e-16]}, "segments": [24468, 23295, 37276, 23331, 55997], "label": "box"}, {"objectId": 30, "id": 30, "partId": 30, "index": 26, "dominantNormal": [0.0639532133936882, -0.9979528784751892, -2.2159005263482117e-16], "obb": {"axesLengths": [0.7822454862426443, 2.140609872178512, 0.13086004421901298], "centroid": [1.777584258081128, 0.9985421059452559, -0.36030514575283545], "normalizedAxes": [0.9979528784751892, 0.0639532133936882, 1.4200466001687718e-17, 0, -2.220446049250313e-16, 1, 0.0639532133936882, -0.9979528784751892, -2.2159005263482117e-16]}, "segments": [38388, 56136, 47927, 47995], "label": "doorframe"}], "scan_id": "0ad2d38f-79e2-2212-98d2-9b5060e5e9b5", "annId": "3018", "appId": "stk.v1"}