{"segGroups": [{"objectId": 1, "id": 1, "partId": 1, "index": 0, "dominantNormal": [0, -2.220446049250313e-16, 1], "obb": {"axesLengths": [6.178954373532301, 0.5182499173674748, 3.3831135437636566], "centroid": [0.358748431470707, 0.3052196121981847, -1.1691250260369859], "normalizedAxes": [0.7100464701652527, -0.7041548490524292, -1.563537852638917e-16, 0, -2.220446049250313e-16, 1, -0.7041548490524292, -0.7100464701652527, -1.5766198794625656e-16]}, "segments": [146, 608, 625, 1089, 3822, 3927, 4147, 4434, 4708, 8811, 9593, 10416, 10715, 10724, 10749, 10785, 10808, 10809, 11041, 11048, 12070, 12690, 14418, 16172, 18618, 19449, 20436, 20985, 30704, 31746, 34609, 36069, 36109, 36138, 36142, 36370, 36382, 37626, 40084, 42684, 43199, 43225, 47194, 47198, 47213, 47226, 47236, 47237, 47241, 47247, 47254, 48246, 48254, 48272, 48359, 49150, 51478, 51484, 52718, 64328, 64976, 64979, 71784, 73141, 73145, 73148, 73150, 73155, 73163, 74224, 74260, 75290, 76169, 76339, 77031, 77124, 77126, 77159, 77497, 77627, 77646, 21094, 21250, 21300, 82699], "label": "floor"}, {"objectId": 12, "id": 12, "partId": 12, "index": 1, "dominantNormal": [-0.5362605452537537, -0.8440524935722351, -1.8741730247123447e-16], "obb": {"axesLengths": [2.116534750093033, 2.2876349176250033, 0.2247741439760668], "centroid": [1.811295440998764, -0.8993162065076098, -0.1680325250767365], "normalizedAxes": [0.8440524935722351, -0.5362605452537537, -1.190737609077516e-16, 0, -2.220446049250313e-16, 1, -0.5362605452537537, -0.8440524935722351, -1.8741730247123447e-16]}, "segments": [251, 354, 364, 397, 443, 448, 480, 493, 500, 539, 573, 696, 702, 729, 760, 762, 789, 808, 823, 853, 1430, 1523, 1540, 1554, 1559, 1561, 1568, 1575, 1583, 1590, 1610, 1621, 1653, 1682, 1688, 1692, 1697, 1709, 1963, 2034, 2181, 2218, 2246, 2320, 2770, 2836, 10841, 10917, 10918, 15400, 21581, 21585, 21623, 21652, 21716, 21783, 23219, 23282, 24273, 24286, 24451, 24471, 24656, 25182, 25194, 25195, 25196, 25280, 25354, 25383, 25389, 25445, 25455, 25511, 25513, 25516, 25521, 25556, 25562, 25601, 25621, 27120, 27991, 27995, 28046, 28050, 28057, 28118, 28134, 28196, 28198, 28237, 32539, 33139, 33195, 33216, 33225, 33350, 33364, 33401, 33405, 33412, 33418, 33429, 33483, 33484, 51014, 51132, 51133, 51395, 51407, 52541, 52789, 52795, 52894, 52904, 53018, 61826, 64290, 64293, 64294, 64295, 64310, 64326, 64331, 64344, 64355, 64388, 64391, 64416, 64440, 64444, 64446, 64449, 64989, 64995, 65314, 65908, 65909, 65941, 65947, 65950, 65964, 65974, 65996, 67042, 67154, 67253, 67589, 67788, 67796, 90], "label": "wall"}, {"objectId": 18, "id": 18, "partId": 18, "index": 2, "dominantNormal": [0.9549696445465088, -0.2967035472393036, -6.588142192660653e-17], "obb": {"axesLengths": [0.9158759773974083, 0.8631079302033495, 0.8006594405475135], "centroid": [-1.054504388178503, 2.347059072175274, -0.6129160256032055], "normalizedAxes": [0.2967035472393036, 0.9549696445465088, 2.1204585743872712e-16, 0, -2.220446049250313e-16, 1, 0.9549696445465088, -0.2967035472393036, -6.588142192660653e-17]}, "segments": [338, 366, 5814, 12121, 12668, 12711, 12840, 12853, 12882, 13152, 13199, 13202, 13219, 13271, 13272, 13283, 13363, 13365, 13367, 13497, 13541, 13560, 13590, 13612, 15294, 22503, 22527, 34205, 34248, 34354, 34360, 55487, 65101, 65112, 65178, 65214, 66494, 15255, 28896, 76568, 55563, 68725], "label": "armchair"}, {"objectId": 28, "id": 28, "partId": 28, "index": 3, "dominantNormal": [-0.5810794234275818, -0.8138468861579895, -1.807103103064177e-16], "obb": {"axesLengths": [0.5804092312819468, 0.3276209758008797, 0.3137200324608059], "centroid": [-0.02190386235774827, 1.8740776613695111, -0.6107365371122251], "normalizedAxes": [0.8138468861579895, -0.5810794234275818, -1.2902555100504238e-16, 0, -2.220446049250313e-16, 1, -0.5810794234275818, -0.8138468861579895, -1.807103103064177e-16]}, "segments": [1338, 2037, 49907], "label": "pillow"}, {"objectId": 17, "id": 17, "partId": 17, "index": 4, "dominantNormal": [0, -2.220446049250313e-16, 1], "obb": {"axesLengths": [2.341576223566607, 0.645927057133755, 2.4838695422639923], "centroid": [0.03423466591130714, 1.1673698139828201, -0.9845765627642751], "normalizedAxes": [0.9573829770088196, -0.2888214886188507, -6.413125333423213e-17, 0, -2.220446049250313e-16, 1, -0.2888214886188507, -0.9573829770088196, -2.1258172489187368e-16]}, "segments": [1750, 2681, 8951, 9039, 9133, 9971, 11117, 12308, 12369, 12405, 12605, 22122, 22145, 22156, 22161, 22276, 22690, 22701, 22702, 22703, 30183, 33962, 34679, 34698, 34719, 34740, 34754, 34778, 34827, 34872, 41991, 42100, 47444, 47517, 47522, 48460, 48477, 48505, 48509, 48517, 48565, 48597, 48606, 48640, 48643, 48657, 48666, 48667, 48672, 48675, 48688, 48711, 49333, 50491, 51128, 51579, 52503, 52514, 52519, 52533, 54660, 56317, 56322, 56341, 56348, 56358, 56370, 56688, 56713, 57841, 60892, 61001, 61006, 64215, 64427, 64429, 64438, 64845, 64848, 65095, 65096, 65280, 66072, 66076, 66107, 66112, 66114, 66121, 66125, 66128, 66132, 66138, 66141, 66144, 66149, 66153, 66162, 66164, 66172, 68253, 68262, 68266, 68363, 68505, 73245, 74515, 74536, 74540, 74542, 74552, 74554, 74802, 74805, 74847, 76829, 76844, 80784, 80832, 80877, 34766, 64937, 64964, 11124, 65033, 64375, 68276, 12471], "label": "bed"}, {"objectId": 31, "id": 31, "partId": 31, "index": 5, "dominantNormal": [0, -2.220446049250313e-16, 1], "obb": {"axesLengths": [1.3970470000988258, 0.12458002288833231, 0.9986665922142267], "centroid": [-0.4051945159664817, 1.1263922960496162, -0.7157840587396024], "normalizedAxes": [0.5188336968421936, 0.8548751473426819, 1.8982041435193373e-16, 0, -2.220446049250313e-16, 1, 0.8548751473426819, -0.5188336968421936, -1.1520422323711834e-16]}, "segments": [2082, 11460, 30184, 11585, 2667, 33938], "label": "blanket"}, {"objectId": 2, "id": 2, "partId": 2, "index": 6, "dominantNormal": [-0.5910635590553284, -0.8066250085830688, -1.791067313534775e-16], "obb": {"axesLengths": [5.885475351591138, 2.5896599906013895, 0.2417788583808922], "centroid": [-0.4354953093771523, -0.7038074321049452, -0.039370060949698304], "normalizedAxes": [0.8066250085830688, -0.5910635590553284, -1.312424744560233e-16, 0, -2.220446049250313e-16, 1, -0.5910635590553284, -0.8066250085830688, -1.791067313534775e-16]}, "segments": [3979, 4016, 4046, 4058, 4131, 4261, 7664, 9812, 9882, 9954, 10205, 10247, 10252, 10264, 10273, 10296, 10352, 10641, 11246, 11265, 11384, 11398, 11401, 17171, 17267, 17699, 17840, 17868, 17910, 17930, 17931, 18042, 19916, 20342, 23615, 23674, 23697, 24745, 27493, 27494, 28007, 28203, 28215, 28269, 28270, 28276, 28307, 29997, 35274, 41581, 42609, 48048, 51818, 53874, 55116, 57508, 57514, 57549, 59864, 62130, 62141, 62264, 62966, 64213, 64873, 64904, 65309, 65310, 65339, 66183, 66184, 66191, 66488, 66490, 66492, 66772, 66775, 68739, 68743, 74206, 74208, 78001, 78141, 82443, 82480, 82796, 82953, 83170, 83310, 83312, 83313, 83317, 83322, 18211, 34527, 16052, 13969, 53840, 55170, 53847, 76094], "label": "wall"}, {"objectId": 9, "id": 9, "partId": 9, "index": 7, "dominantNormal": [-0.5513030290603638, -0.8343051075935364, -1.8525294800254252e-16], "obb": {"axesLengths": [2.692558914405205, 2.629959882126154, 0.66240019035939], "centroid": [0.4019870762758798, 2.0416113766280755, -0.02498006951108578], "normalizedAxes": [0.8343051075935364, -0.5513030290603638, -1.2241386328168153e-16, 0, -2.220446049250313e-16, 1, -0.5513030290603638, -0.8343051075935364, -1.8525294800254252e-16]}, "segments": [6788, 9701, 9874, 10487, 10497, 10517, 10951, 10960, 18120, 22926, 27677, 27739, 29041, 29122, 29618, 29735, 29741, 29795, 29798, 29803, 29812, 29906, 30111, 30539, 30815, 31128, 31166, 31177, 31408, 31426, 31449, 32392, 32431, 32757, 32841, 32847, 32849, 32887, 33684, 33767, 33769, 33825, 33902, 35165, 35205, 37092, 41629, 41896, 43152, 46348, 48455, 56716, 57805, 58398, 59052, 64997, 65004, 65025, 66559, 66563, 66581, 66853, 66856, 66907, 67045, 67047, 67050, 68140, 74717, 75590, 75614, 77673, 80568, 75434, 55846, 28583, 75110, 74480, 35884, 75656, 22521, 34115, 68241, 280], "label": "wall"}, {"objectId": 6, "id": 6, "partId": 6, "index": 8, "dominantNormal": [0.7814251780509949, -0.6239989399909973, -1.3855559810393932e-16], "obb": {"axesLengths": [1.6379954844198616, 2.7074199309776725, 0.38060974259298574], "centroid": [-1.4085604739806263, 2.6214204688354257, -0.09629011125214282], "normalizedAxes": [0.6239989399909973, 0.7814251780509949, 1.735112449388054e-16, 0, -2.220446049250313e-16, 1, 0.7814251780509949, -0.6239989399909973, -1.3855559810393932e-16]}, "segments": [4534, 4544, 4671, 4697, 4868, 4930, 4944, 5030, 5237, 8493, 11413, 13477, 14341, 14844, 14877, 14904, 15032, 16341, 16696, 16729, 16791, 27653, 49051, 49345, 51026, 51069, 53208, 54372, 54593, 63783, 63910, 64490, 64503, 64507, 64518, 64550, 64564, 65232, 65261, 73037, 73060, 75725, 75800, 75860, 75863, 76227, 76297, 78405, 78485, 80591, 80617, 80659, 80672, 64810, 53166, 53049, 56158, 36409, 61341, 3923, 3934, 4758, 4829, 4848, 4877, 4886, 4893, 7284, 7389, 8411, 14940, 14943, 16294, 16785, 26963, 27099, 27571, 27593, 45432, 53230, 61298, 63757, 64478, 64673, 65230, 65238, 65262, 66252, 66412, 66451, 76194, 76213, 78457, 78515, 80597, 78149, 60998, 61245, 26918, 27085, 61576, 61114, 7352, 15526, 15537, 24157, 45332, 45424, 61324, 77986, 78168, 78177, 78357, 63344, 24231, 27038, 27095, 35025, 78489, 80238, 15486, 16298, 33374, 35455, 61067, 36806, 6939, 28840, 37210, 55952, 55986, 55990, 59620, 76738, 76743, 45295, 79784, 6909, 6971, 14751, 6942, 14592, 59614, 5923, 59615, 59630, 6044, 7063, 14682, 43043, 43046, 59650, 65271, 72133, 6976, 79940, 59682, 36797, 48831, 79930, 6304, 42304, 59654, 47615, 49271, 75007, 75038, 48782], "label": "curtain"}, {"objectId": 11, "id": 11, "partId": 11, "index": 9, "dominantNormal": [0.8793945908546448, -0.4760936498641968, -1.0571402639141176e-16], "obb": {"axesLengths": [3.0044337006967674, 2.5681100509738153, 0.6480664914114926], "centroid": [1.0629246935651955, 0.049029957149595974, -0.03331506364088499], "normalizedAxes": [0.4760936498641968, 0.8793945908546448, 1.9526482449952915e-16, 0, -2.220446049250313e-16, 1, 0.8793945908546448, -0.4760936498641968, -1.0571402639141176e-16]}, "segments": [5359, 6176, 6196, 6641, 6659, 7652, 7967, 8073, 8318, 21587, 36325, 36339, 37869, 40859, 48409, 64733, 71397, 71409, 48902, 61425, 42726], "label": "wall"}, {"objectId": 15, "id": 15, "partId": 15, "index": 11, "dominantNormal": [0, -2.220446049250313e-16, 1], "obb": {"axesLengths": [2.090120450942855, 0.16000002264976498, 1.1649102141968264], "centroid": [1.459527969909324, -1.370315298109467, 0.9899999557435502], "normalizedAxes": [0.8080469369888306, -0.5891180634498596, -1.308104876529236e-16, 0, -2.220446049250313e-16, 1, -0.5891180634498596, -0.8080469369888306, -1.7942246288456655e-16]}, "segments": [6692, 23821, 23848, 23882, 24499, 24527, 24572, 24586, 25329, 25426, 25430, 25483, 25496, 25641, 25668, 25740, 26266, 26267, 26319, 26337, 26343, 26410, 26463, 29639, 30411, 30415, 31332, 31350, 31360, 31395, 31415, 31466, 31473, 31488, 31490, 31519, 31593, 31658, 33027, 40515, 40542, 40551, 40746, 40761, 48012, 49534, 66300, 66302, 66306, 66337, 66364, 66368, 66371, 66373, 66375, 66385, 66387, 66390, 66487, 70904, 71045, 71056, 71118, 71073], "label": "ceiling"}, {"objectId": 10, "id": 10, "partId": 10, "index": 13, "dominantNormal": [0.7187066078186035, 0.6953134536743164, 1.5439060112017264e-16], "obb": {"axesLengths": [0.681954711859019, 1.7561189437780012, 0.44465074861061316], "centroid": [1.619729116541997, 1.1543629307955, -0.4537405437885116], "normalizedAxes": [-0.6953134536743164, 0.7187066078186035, 1.5958492479009124e-16, 0, -2.220446049250313e-16, 1, 0.7187066078186035, 0.6953134536743164, 1.5439060112017264e-16]}, "segments": [8293, 8299, 8597, 21643, 36160, 36161, 36192, 36217, 41502, 41534, 41920, 41981, 42377, 42391, 42835, 71535, 71539, 71577, 71581, 71828, 71889, 71943, 21577, 62071, 71729, 71749, 36493, 2966, 3040, 4265, 4271, 8372, 26662, 26663, 36560, 37891, 40008, 41573, 41578, 41808, 42152, 42359, 42576, 42895, 42916, 42958, 48438, 48488, 71348, 71591, 71673, 71760, 71951, 72000, 72015, 71543], "label": "shelf"}, {"objectId": 23, "id": 23, "partId": 23, "index": 14, "dominantNormal": [0, -2.220446049250313e-16, 1], "obb": {"axesLengths": [0.586828522553263, 0.23191999870717503, 0.41541220832769177], "centroid": [1.2303028275878436, 0.6682291493732437, -1.181830083612426], "normalizedAxes": [0.5262530446052551, 0.8503280282020569, 1.888107510788066e-16, 0, -2.220446049250313e-16, 1, 0.8503280282020569, -0.5262530446052551, -1.1685164937996875e-16]}, "segments": [9747, 47158, 48206, 48222, 48259, 52114, 52229, 74218, 76034], "label": "suitcase"}, {"objectId": 8, "id": 8, "partId": 8, "index": 15, "dominantNormal": [-0.5787196159362793, -0.8155266046524048, -1.8108328273589542e-16], "obb": {"axesLengths": [0.8176003947731476, 2.541729989460184, 0.28351965313369987], "centroid": [-0.6416291856622289, 3.0773512275103307, -0.023915053742043835], "normalizedAxes": [0.8155266046524048, -0.5787196159362793, -1.28501568482937e-16, 0, -2.220446049250313e-16, 1, -0.5787196159362793, -0.8155266046524048, -1.8108328273589542e-16]}, "segments": [10119, 10131, 10156, 14250, 14390, 14403, 60035, 60549, 64896, 64899], "label": "wall"}, {"objectId": 20, "id": 20, "partId": 20, "index": 16, "dominantNormal": [-0.18318606913089752, -0.9830782413482666, -2.1828721971057044e-16], "obb": {"axesLengths": [0.6202487046732569, 1.1774259542504106, 0.38253580406707943], "centroid": [0.5536982293844616, -1.3974949830679428, 0.027655956648528157], "normalizedAxes": [0.9830782413482666, -0.18318606913089752, -4.0675478347939614e-17, 0, -2.220446049250313e-16, 1, -0.18318606913089752, -0.9830782413482666, -2.1828721971057044e-16]}, "segments": [13919, 13964, 16849, 17685, 49316, 54150, 54180, 54185, 54187, 54207, 54261, 55136, 55160, 55169, 55178, 55261, 55279, 55296, 57416, 59699, 59719, 59729, 59755, 60005, 60012, 60015, 60193, 60208, 62562, 62600, 64865, 64868, 64871, 64876, 76151, 76154, 76496, 76524, 76526, 79946, 80008, 82991, 83001, 15793], "label": "clothes"}, {"objectId": 13, "id": 13, "partId": 13, "index": 17, "dominantNormal": [0.7962921857833862, -0.6049122214317322, -1.3431749522213203e-16], "obb": {"axesLengths": [1.2110403118955737, 2.2195109228899117, 0.12903349611032283], "centroid": [2.2760695415394863, -1.977187402806407, -0.14024457208265684], "normalizedAxes": [0.6049122214317322, 0.7962921857833862, 1.7681238379716163e-16, 0, -2.220446049250313e-16, 1, 0.7962921857833862, -0.6049122214317322, -1.3431749522213203e-16]}, "segments": [15902, 44835, 16762, 18954, 66932, 2506, 22307, 22282, 24583, 32103, 60685, 66285], "label": "wall"}, {"objectId": 14, "id": 14, "partId": 14, "index": 18, "dominantNormal": [0.8079609274864197, -0.5892360806465149, -1.3083669273472929e-16], "obb": {"axesLengths": [1.090781418273029, 2.2997239314081375, 0.12585368144401182], "centroid": [2.274814223910805, -1.9690004124910774, -0.16816806603592593], "normalizedAxes": [0.5892360806465149, 0.8079609274864197, 1.7940336493858393e-16, 0, -2.220446049250313e-16, 1, 0.8079609274864197, -0.5892360806465149, -1.3083669273472929e-16]}, "segments": [18891, 29403, 29194, 24629, 24642, 16163], "label": "door"}, {"objectId": 19, "id": 19, "partId": 19, "index": 20, "dominantNormal": [0.7875143885612488, -0.6162962317466736, -1.3684525329497567e-16], "obb": {"axesLengths": [0.44031791022057254, 0.46422498380634947, 0.43956986144984833], "centroid": [-2.0164680220061273, 1.3294100477200221, -1.0994275283196384], "normalizedAxes": [0.6162962913513184, 0.7875143885612488, 1.7486332128086008e-16, 0, -2.220446049250313e-16, 1, 0.7875143885612488, -0.6162962913513184, -1.3684526652986547e-16]}, "segments": [18033, 18334, 19609, 65624, 65675, 17480, 18421, 17429], "label": "puf"}, {"objectId": 5, "id": 5, "partId": 5, "index": 21, "dominantNormal": [0.7958379983901978, -0.6055096387863159, -1.3445014852260593e-16], "obb": {"axesLengths": [1.3795790163674329, 2.6268299230896686, 0.5421840651311002], "centroid": [-2.227956569173684, 1.4266810409196684, -0.14235508310001266], "normalizedAxes": [0.6055096387863159, 0.7958379983901978, 1.7671153393687916e-16, 0, -2.220446049250313e-16, 1, 0.7958379983901978, -0.6055096387863159, -1.3445014852260593e-16]}, "segments": [18434, 19601, 19791, 19829, 19868, 19879, 20070, 20130, 20189, 20251, 20858, 21172, 21429, 21458, 21478, 50524, 50557, 51229, 51240, 52029, 56661, 57230, 57248, 57263, 57878, 57885, 57899, 57968, 58339, 61275, 61279, 61551, 61616, 61706, 61741, 61758, 61856, 62735, 62854, 65644, 65645, 65683, 65685, 65703, 66013, 78326, 78336, 81095, 81130, 81221, 81736, 82074, 82227, 82284, 82377, 83176, 83202, 83225, 83251, 83276, 82123, 58589, 52574, 52554, 79293, 76065, 51747, 47365, 83448, 53576, 17570, 18485, 19724, 19810, 19816, 20283, 20697, 20770, 20785, 20909, 20939, 21181, 21216, 21296, 21388, 21405, 21415, 21455, 21490, 21494, 45791, 47893, 53533, 53616, 57236, 60136, 62748, 62752, 64261, 65688, 65693, 65697, 65733, 65762, 65800, 65959, 66005, 66010, 66032, 66037, 76082, 79306, 81799, 83398, 83484, 83495, 80480, 47296, 80425, 47946, 48752, 62310, 62470, 80300, 48729, 16596, 49307, 59964, 62367, 75087, 47649, 59993, 16632, 60149], "label": "curtain"}, {"objectId": 26, "id": 26, "partId": 26, "index": 22, "dominantNormal": [-0.46341338753700256, -0.8861422538757324, -1.967631066692138e-16], "obb": {"axesLengths": [0.7095553248052338, 0.35476996701724883, 0.3212207436636115], "centroid": [0.8503471723614633, 1.4092783423254975, -0.6025970313117582], "normalizedAxes": [0.8861422538757324, -0.4634133577346802, -1.0289843593517926e-16, 0, -2.220446049250313e-16, 1, -0.4634133577346802, -0.8861422538757324, -1.967631066692138e-16]}, "segments": [28623, 28637, 28780, 42358, 45960, 46070, 46080, 47402, 69024, 69083, 73277], "label": "pillow"}, {"objectId": 29, "id": 29, "partId": 29, "index": 24, "dominantNormal": [0, -2.220446049250313e-16, 1], "obb": {"axesLengths": [0.7438564271200445, 0.3590070227010467, 0.3820134403836008], "centroid": [0.06168123438617945, 1.9800811596211538, -0.5895035600773205], "normalizedAxes": [0.8869463205337524, -0.46187251806259155, -1.0255630079893753e-16, 0, -2.220446049250313e-16, 1, -0.46187251806259155, -0.8869463205337524, -1.9694164533262724e-16]}, "segments": [23994, 24686, 25795, 66343, 71982, 74312, 74338, 71969, 1368, 1755], "label": "pillow"}, {"objectId": 3, "id": 3, "partId": 3, "index": 25, "dominantNormal": [-0.548567533493042, -0.8361062407493591, -1.8565287990254456e-16], "obb": {"axesLengths": [0.894029314289734, 0.6799999770522119, 0.2156567295779706], "centroid": [-1.5988889989306552, 0.1417237540550377, 0.10999992802739156], "normalizedAxes": [0.8361062407493591, -0.548567533493042, -1.218064612491614e-16, 0, -2.220446049250313e-16, 1, -0.548567533493042, -0.8361062407493591, -1.8565287990254456e-16]}, "segments": [24310, 25987, 26724, 27297, 27314, 35908, 36388, 40160, 40161, 40162, 40205, 40248, 52294, 52462, 54886, 54929, 58145, 58773, 66361, 66478, 66485, 70759, 70799, 70803, 70805, 70814, 75944, 76359, 76362, 38026], "label": "tv"}, {"objectId": 16, "id": 16, "partId": 16, "index": 26, "dominantNormal": [0, -2.220446049250313e-16, 1], "obb": {"axesLengths": [3.8562458392077947, 0.18326997347317686, 2.9606590718918024], "centroid": [-0.4152882670994792, 1.036756176845867, 1.2016349147639795], "normalizedAxes": [0.8237385749816895, -0.5669697523117065, -1.2589257465649574e-16, 0, -2.220446049250313e-16, 1, -0.5669697523117065, -0.8237385749816895, -1.8290670644331751e-16]}, "segments": [24882, 32737, 35612, 47029, 47678, 47791, 56031, 66751, 48175, 56070, 50908, 50925, 78123, 35971, 45667, 49734, 55636, 62403, 41184, 7089, 6626], "label": "ceiling"}, {"objectId": 30, "id": 30, "partId": 30, "index": 27, "dominantNormal": [-0.5836279988288879, -0.8120211362838745, -1.8030491239692792e-16], "obb": {"axesLengths": [0.7602790279141106, 0.46761598137879407, 0.2896077735142275], "centroid": [0.18130490034451974, 2.1833241343831467, -0.5193780414154086], "normalizedAxes": [0.8120211362838745, -0.5836280584335327, -1.2959146165803686e-16, 0, -2.220446049250313e-16, 1, -0.5836280584335327, -0.8120211362838745, -1.8030491239692792e-16]}, "segments": [25115, 25250, 25936, 31038, 66788, 25804, 31130, 21901, 74210], "label": "pillow"}, {"objectId": 27, "id": 27, "partId": 27, "index": 28, "dominantNormal": [-0.579696774482727, -0.8148322701454163, -1.8092910950460534e-16], "obb": {"axesLengths": [0.7852651821380965, 0.8229520025189516, 0.28813678005708454], "centroid": [0.9952685691493837, 1.565559414519173, -0.3614760630992946], "normalizedAxes": [0.8148322701454163, -0.579696774482727, -1.287185412663321e-16, 0, -2.220446049250313e-16, 1, -0.579696774482727, -0.8148322701454163, -1.8092910950460534e-16]}, "segments": [28567, 28705, 35810, 45901, 46104, 46165, 75128, 55933, 45906], "label": "pillow"}, {"objectId": 25, "id": 25, "partId": 25, "index": 29, "dominantNormal": [0, -2.220446049250313e-16, 1], "obb": {"axesLengths": [1.406710913962528, 0.1419150201548261, 0.8448609386269907], "centroid": [0.28374054396417103, 0.6422366312002417, -0.7049295465291403], "normalizedAxes": [0.636939287185669, 0.7709139585494995, 1.7117728535731558e-16, 0, -2.220446049250313e-16, 1, 0.7709139585494995, -0.636939287185669, -1.4142893238437292e-16]}, "segments": [29977, 57808, 30040, 35124, 75303, 80813, 69077, 12289, 68411], "label": "blanket"}, {"objectId": 36, "id": 36, "partId": 36, "index": 30, "dominantNormal": [0.8099502921104431, -0.586498498916626, -1.3022882748106612e-16], "obb": {"axesLengths": [0.17834032910158268, 0.9884999490119524, 0.07004697831882224], "centroid": [1.2992645393769644, 1.3383177759617964, 0.5242499116975816], "normalizedAxes": [0.586498498916626, 0.8099502921104431, 1.7984509262057704e-16, 0, -2.220446049250313e-16, 1, 0.8099502921104431, -0.586498498916626, -1.3022882748106612e-16]}, "segments": [32306, 66532], "label": "light"}, {"objectId": 35, "id": 35, "partId": 35, "index": 31, "dominantNormal": [0.19878049194812775, -0.9800440073013306, -2.1761348441036844e-16], "obb": {"axesLengths": [0.3075907447376816, 0.8686649307161953, 0.19458552458512143], "centroid": [1.678214270756984, 0.8961659357992404, -0.8990275230476079], "normalizedAxes": [0.9800440073013306, 0.19878050684928894, 4.413813911014784e-17, 0, -2.220446049250313e-16, 1, 0.19878050684928894, -0.9800440073013306, -2.1761348441036844e-16]}, "segments": [71932, 48155, 71795, 71525], "label": "poster"}, {"objectId": 47, "id": 47, "partId": 47, "index": 32, "dominantNormal": [-0.4559761881828308, -0.8899919390678406, -1.976179084967812e-16], "obb": {"axesLengths": [0.5323587950808994, 0.3362189754198719, 0.2243763647646448], "centroid": [0.7566277728297799, 1.2898088221723596, -0.6018905374730269], "normalizedAxes": [0.8899919390678406, -0.4559762179851532, -1.012470591777233e-16, 0, -2.220446049250313e-16, 1, -0.4559762179851532, -0.8899919390678406, -1.976179084967812e-16]}, "segments": [69327, 22781, 42257, 35134], "label": "pillow"}, {"objectId": 45, "id": 45, "partId": 45, "index": 33, "dominantNormal": [0, -2.220446049250313e-16, 1], "obb": {"axesLengths": [0.47423431485039724, 0.21203898909600838, 0.23153432172200739], "centroid": [-2.3080895984263243, 1.152910292591293, -0.6752115355757292], "normalizedAxes": [0.9642067551612854, -0.26515159010887146, -5.88754800709682e-17, 0, -2.220446049250313e-16, 1, -0.26515159010887146, -0.9642067551612854, -2.14096908015834e-16]}, "segments": [20444, 58366, 20557, 20521, 18304, 20504, 20632, 20643, 20652, 65845, 18252, 18257, 18278, 65354, 65372, 20619], "label": "side table"}], "scan_id": "0a4b8ef6-a83a-21f2-8672-dce34dd0d7ca", "annId": "3619", "appId": "stk.v1"}