{"segGroups": [{"objectId": 9, "id": 9, "partId": 9, "index": 0, "dominantNormal": [-0.5027598142623901, -0.8644261360168457, -1.9194115985873188e-16], "obb": {"axesLengths": [1.1500552950353582, 2.5199999246001243, 0.3760349629538985], "centroid": [0.903734119477565, 1.6434942413649507, -0.23000007611036155], "normalizedAxes": [0.8644261360168457, -0.5027598142623901, -1.1163510433007454e-16, 0, -2.220446049250313e-16, 1, -0.5027598142623901, -0.8644261360168457, -1.9194115985873188e-16]}, "segments": [11, 232, 443, 496, 619, 1118, 1505, 1535, 1553, 1641, 1728, 1766, 1783, 1824, 1990, 1998, 2115, 2463, 2551, 2567, 2596, 2967, 4685, 4704, 4999, 8249, 8723, 8809, 9812, 9833, 9851, 9860, 10735, 10740, 10744, 10794, 10831, 14404, 14462, 14475, 14490, 14626, 14642, 17119, 17168, 17182, 17206, 17610, 17924, 17940, 18742, 19328, 19811, 19818, 19841, 19862, 19945, 24230, 24255, 24356, 24484, 24487, 24499, 24531, 24532, 25973, 26014, 26970, 26984, 26987, 26991, 27015, 27056, 27096, 27098, 27216, 27222, 27278, 27359, 27462, 27466, 27718, 27988, 10946, 17988], "label": "curtain"}, {"objectId": 17, "id": 17, "partId": 17, "index": 1, "dominantNormal": [0.31485629081726074, -0.9491393566131592, -2.1075127345796733e-16], "obb": {"axesLengths": [0.6909451489181238, 1.9868900033781667, 0.48204240608741816], "centroid": [0.5324986538870542, -0.9104163783152286, -0.5234450755642708], "normalizedAxes": [0.9491393566131592, 0.31485629081726074, 6.991214070267942e-17, 0, -2.220446049250313e-16, 1, 0.31485629081726074, -0.9491393566131592, -2.1075127345796733e-16]}, "segments": [59, 73, 128, 415, 1137, 3925, 18118, 20627, 4579], "label": "door"}, {"objectId": 8, "id": 8, "partId": 8, "index": 2, "dominantNormal": [0.8508789539337158, -0.5253617763519287, -1.1665374807277667e-16], "obb": {"axesLengths": [0.8377398404550214, 0.8848720591171365, 0.5975293076131958], "centroid": [0.8153788400020894, 0.8130367604034743, -1.0501440554479342], "normalizedAxes": [0.5253617763519287, 0.8508789539337158, 1.8893308116523584e-16, 0, -2.220446049250313e-16, 1, 0.8508789539337158, -0.5253617763519287, -1.1665374807277667e-16]}, "segments": [137, 423, 433, 852, 865, 876, 1445, 1476, 1673, 2136, 6950, 19403, 19412, 19413, 19441, 19445, 19461, 19486, 22081, 22142, 22143, 22148, 24137, 24262, 27175, 27178, 27180, 27201, 27206, 28001, 28008, 28668, 28700, 28722, 28732, 28742], "label": "sink"}, {"objectId": 1, "id": 1, "partId": 1, "index": 3, "dominantNormal": [0, -2.220446049250313e-16, 1], "obb": {"axesLengths": [4.182633372860431, 0.3851199064004443, 2.509757899774631], "centroid": [0.018786928321671004, 1.058368770497122, -1.5225600285655247], "normalizedAxes": [0.04379001632332802, 0.9990407824516296, 2.2183161584346625e-16, 0, -2.220446049250313e-16, 1, 0.9990407824516296, -0.04379001632332802, -9.723336874174042e-18]}, "segments": [167, 1149, 1174, 1936, 2168, 2304, 2441, 6612, 6729, 8448, 15248, 18664, 18703, 18722, 18756, 18813, 18832, 20145, 21621, 22886, 22897, 23209, 23334, 23697, 23769, 23821, 23825, 24524, 27059, 29338, 29464, 29467, 29472, 26817, 26686], "label": "floor"}, {"objectId": 32, "id": 32, "partId": 32, "index": 4, "dominantNormal": [0.9376886487007141, 0.347476601600647, 7.715530472310816e-17], "obb": {"axesLengths": [0.497036269208642, 0.5200000289082518, 0.28220068947096427], "centroid": [1.260199048115443, 1.326634796976983, -0.9700000393044937], "normalizedAxes": [-0.347476601600647, 0.9376886487007141, 2.0820870554343654e-16, 0, -2.220446049250313e-16, 1, 0.9376886487007141, 0.347476601600647, 7.715530472310816e-17]}, "segments": [564, 576, 624, 1054, 1175, 7836, 24183, 24475], "label": "shelf"}, {"objectId": 6, "id": 6, "partId": 6, "index": 5, "dominantNormal": [0.9098935127258301, -0.414841890335083, -9.211340364580667e-17], "obb": {"axesLengths": [1.8509413891547102, 1.4158225786129548, 0.14793277018695566], "centroid": [1.0061273701572993, 0.5584552882111387, -0.7820887491039462], "normalizedAxes": [0.4148419201374054, 0.9098935127258301, 2.0203694555705589e-16, 0, -2.220446049250313e-16, 1, 0.9098935127258301, -0.4148419201374054, -9.211341026325157e-17]}, "segments": [967, 1153, 3838, 4334, 12784, 15054, 24138, 24165], "label": "wall"}, {"objectId": 21, "id": 21, "partId": 21, "index": 6, "dominantNormal": [0.5839962363243103, -0.8117563724517822, -1.8024612301643255e-16], "obb": {"axesLengths": [0.38783741299436436, 0.7426069659902085, 0.18751958954879142], "centroid": [0.17478199727924754, 2.7847971801383378, 0.19192642032251306], "normalizedAxes": [0.8117563724517822, 0.5839962363243103, 1.296732135723367e-16, 0, -2.220446049250313e-16, 1, 0.5839962363243103, -0.8117563724517822, -1.8024612301643255e-16]}, "segments": [1188, 2935, 3109, 5915, 18319], "label": "water heater"}, {"objectId": 2, "id": 2, "partId": 2, "index": 7, "dominantNormal": [0.8935234546661377, -0.4490165412425995, -9.970170050501703e-17], "obb": {"axesLengths": [3.6890703130113605, 3.1087499162089087, 0.4053066864747754], "centroid": [-0.7743784833051015, 1.6116098251757687, 0.06437491969403064], "normalizedAxes": [0.4490165412425995, 0.8935234546661377, 1.9840206248259167e-16, 0, -2.220446049250313e-16, 1, 0.8935234546661377, -0.4490165412425995, -9.970170050501703e-17]}, "segments": [2699, 3119, 3137, 3147, 3150, 3191, 3424, 3865, 4836, 5644, 6159, 6172, 6216, 6237, 6250, 6273, 6277, 6283, 6303, 6352, 6357, 6361, 6371, 6379, 6408, 7536, 7538, 7543, 7553, 8048, 8292, 9734, 12300, 12304, 12364, 12522, 12558, 12565, 12835, 12993, 13154, 13414, 14121, 15150, 15683, 16000, 17508, 17509, 17528, 17577, 19024, 19055, 20990, 21665, 22362, 22451, 22489, 24554, 24560, 24646, 24650, 24653, 24656, 24658, 24660, 24666, 24694, 24698, 25292, 25389, 26999, 28819, 28824, 28858, 28888, 28890, 29946, 30085, 30236, 12281, 12375, 12265, 13583, 2842, 3020, 3043], "label": "wall"}, {"objectId": 19, "id": 19, "partId": 19, "index": 8, "dominantNormal": [0, -2.220446049250313e-16, 1], "obb": {"axesLengths": [1.7219925678040635, 0.2599999846518042, 0.5176333330183814], "centroid": [-0.8512008102136387, -0.20019356944825706, 1.6799998478192113], "normalizedAxes": [0.8124293684959412, -0.5830596685409546, -1.2946525374889597e-16, 0, -2.220446049250313e-16, 1, -0.5830596685409546, -0.8124293684959412, -1.8039555815717393e-16]}, "segments": [2988, 3294, 3307, 3337, 3379, 3403, 16409], "label": "ceiling"}, {"objectId": 11, "id": 11, "partId": 11, "index": 9, "dominantNormal": [-0.3877548575401306, -0.9217625260353088, -2.0467239592820904e-16], "obb": {"axesLengths": [1.037738705423954, 2.7274798737284556, 0.5852148186933315], "centroid": [0.42036576565604, 3.0041894687895, -0.16626006250515446], "normalizedAxes": [0.9217625260353088, -0.3877548575401306, -8.60988741502601e-17, 0, -2.220446049250313e-16, 1, -0.3877548575401306, -0.9217625260353088, -2.0467239592820904e-16]}, "segments": [2943, 4117, 4149, 5086, 5403, 5492, 5688, 5709, 6016, 6141, 6275, 6463, 6553, 7777, 8830, 8858, 8930, 8943, 10041, 10049, 10104, 10124, 10126, 11367, 11417, 11458, 11656, 11977, 12535, 13598, 13694, 13791, 13893, 13895, 13929, 13979, 14194, 14993, 15040, 15051, 16752, 18105, 18161, 18163, 18171, 18182, 18229, 19993, 20038, 20049, 20051, 20063, 20111, 20786, 21105, 21190, 21863, 21878, 21926, 22221, 22388, 22920, 22979, 23009, 24617, 24618, 24648, 24753, 25441, 25445, 25446, 25449, 25574, 25593, 25605, 25636, 25724, 26961, 27039, 27758, 28024, 28607, 29170, 29229, 30158, 11370, 12441, 7046, 5954, 7766, 26966], "label": "curtain"}, {"objectId": 3, "id": 3, "partId": 3, "index": 10, "dominantNormal": [-0.4324571192264557, -0.9016544818878174, -2.002075132096642e-16], "obb": {"axesLengths": [2.2583091794588577, 3.25066988354914, 0.3070251090277867], "centroid": [-0.5955794010447363, -0.405450506708664, 0.12651496585529354], "normalizedAxes": [0.9016544818878174, -0.4324571490287781, -9.602477680310041e-17, 0, -2.220446049250313e-16, 1, -0.4324571490287781, -0.9016544818878174, -2.002075132096642e-16]}, "segments": [4328, 4383, 4969, 5181, 5333, 5741, 9034, 9078, 9099, 9134, 10440, 10602, 11638, 12278, 17008, 18455, 18507, 20187, 21876, 23549, 23599, 24090, 24622, 24624, 24633, 24988, 25003, 25012, 25019, 27767, 27817, 28338, 29138, 23338, 5260, 4486, 4451, 22063], "label": "wall"}, {"objectId": 13, "id": 13, "partId": 13, "index": 11, "dominantNormal": [0.7828342318534851, 0.6222302913665771, 1.3816287921887874e-16], "obb": {"axesLengths": [0.3324575607506398, 0.5138179544996181, 0.34680462527668615], "centroid": [-0.39112879595790806, 2.107596903043162, -1.2557809991986821], "normalizedAxes": [0.7828342318534851, 0.6222302913665771, 1.3816287921887874e-16, 0, -2.220446049250313e-16, 1, 0.6222302913665771, -0.7828342318534851, -1.7382411773369746e-16]}, "segments": [4878, 13629, 13667, 13856, 13959, 15824, 15882, 15910, 15957, 16006, 16033, 26292, 26322, 26363], "label": "bin"}, {"objectId": 14, "id": 14, "partId": 14, "index": 12, "dominantNormal": [-0.4023418426513672, -0.9154894948005676, -2.0327950318600854e-16], "obb": {"axesLengths": [0.7935540353633658, 0.8626099632097038, 0.38403741471031483], "centroid": [-0.42127818050077326, 1.5966591168683653, -1.074215033074579], "normalizedAxes": [0.9154894948005676, -0.4023418724536896, -8.933784211377684e-17, 0, -2.220446049250313e-16, 1, -0.4023418724536896, -0.9154894948005676, -2.0327950318600854e-16]}, "segments": [5143, 5550, 5560, 5579, 7290, 7312, 7359, 7373, 7395, 7417, 8473, 9878, 10255, 10314, 11598, 22627, 22662, 22671, 23069, 23543, 23598, 23653, 23908, 24826, 24830, 24831, 24835, 24846, 24932, 24947, 25294, 25304, 25525, 29244, 29727, 30295, 30297, 29257, 8533], "label": "toilet"}, {"objectId": 16, "id": 16, "partId": 16, "index": 13, "dominantNormal": [0.9625487327575684, 0.2711087465286255, 6.01982345146691e-17], "obb": {"axesLengths": [0.5749293985544776, 1.4092310724579296, 0.5665661995614043], "centroid": [-0.5629752961735348, -0.2431707318965508, -0.7943344970223046], "normalizedAxes": [-0.2711087465286255, 0.9625487327575684, 2.137287530862438e-16, 0, -2.220446049250313e-16, 1, 0.9625487327575684, 0.2711087465286255, 6.01982345146691e-17]}, "segments": [5227, 5298, 10543, 11129, 12020, 12058, 14021, 14027, 14054, 15584, 15629, 24114, 29310, 12082, 29077, 10442, 5187], "label": "rack"}, {"objectId": 15, "id": 15, "partId": 15, "index": 14, "dominantNormal": [-0.3764210641384125, -0.9264487028121948, -2.0571293619924154e-16], "obb": {"axesLengths": [0.6567968187695468, 0.43913995238080705, 0.39534547638858936], "centroid": [-0.7481752748439052, 1.0739411500595142, -1.294810030318274], "normalizedAxes": [0.9264487028121948, -0.3764210641384125, -8.358226647207367e-17, 0, -2.220446049250313e-16, 1, -0.3764210641384125, -0.9264487028121948, -2.0571293619924154e-16]}, "segments": [5654, 5668, 6465, 6467, 6484, 6887, 6915, 7162, 7176, 7185, 7212, 7222, 7235, 11127, 11268, 11448, 11471, 11600, 16993, 17834, 24708, 24714, 24718, 24722, 24745, 24759, 24762, 24763, 24768, 24778, 24785, 24807, 25028, 25033, 25035, 25075, 25092, 25961, 16412, 11789], "label": "bidet"}, {"objectId": 26, "id": 26, "partId": 26, "index": 15, "dominantNormal": [0.02694832533597946, -0.9996368288993835, -2.2196396474147474e-16], "obb": {"axesLengths": [0.01604212533086912, 0.0493239749374097, 0.0013243236770480982], "centroid": [0.9167479917289154, 2.8895543210628025, 0.8453379356758752], "normalizedAxes": [0.9996368288993835, 0.02694832719862461, 5.9837306662090774e-18, 0, -2.220446049250313e-16, 1, 0.02694832719862461, -0.9996368288993835, -2.2196396474147474e-16]}, "segments": [7737], "label": "wall"}, {"objectId": 5, "id": 5, "partId": 5, "index": 16, "dominantNormal": [0, -2.220446049250313e-16, 1], "obb": {"axesLengths": [0.914647329931305, 0.3450099152696895, 0.8872453515571326], "centroid": [-1.0791780765999632, 0.1738458833401978, -1.3625050504345058], "normalizedAxes": [0.47958824038505554, 0.877493679523468, 1.948427373940005e-16, 0, -2.220446049250313e-16, 1, 0.877493679523468, -0.47958824038505554, -1.064899813629906e-16]}, "segments": [7639, 8366, 9660, 10019, 15720, 16205, 20332, 15729, 27954, 14831], "label": "shower"}, {"objectId": 12, "id": 12, "partId": 12, "index": 17, "dominantNormal": [0.6301351189613342, -0.7764855027198792, -1.724144166814499e-16], "obb": {"axesLengths": [0.9113058146857896, 0.8693400427101539, 0.7531357972754364], "centroid": [-0.031465744555565583, 2.58209377751711, -1.0646700646828842], "normalizedAxes": [0.7764855027198792, 0.6301351189613342, 1.3991810353915706e-16, 0, -2.220446049250313e-16, 1, 0.6301351189613342, -0.7764855027198792, -1.724144166814499e-16]}, "segments": [7871, 7899, 7905, 7906, 7907, 8193, 8199, 8210, 8221, 8286, 8870, 9224, 9269, 9575, 9964, 11854, 12733, 13206, 13267, 13272, 15457, 24858, 24861, 24870, 25818, 25851, 26258], "label": "washing machine"}, {"objectId": 24, "id": 24, "partId": 24, "index": 18, "dominantNormal": [0.2497050017118454, -0.9683219790458679, -2.1501067127746419e-16], "obb": {"axesLengths": [0.15748581369416031, 0.2449460570898787, 0.13154882662732054], "centroid": [-0.8777728643481137, 1.4142168481068518, -0.9475270621685592], "normalizedAxes": [0.9683219790458679, 0.2497050017118454, 5.544564845291098e-17, 0, -2.220446049250313e-16, 1, 0.2497050017118454, -0.9683219790458679, -2.1501067127746419e-16]}, "segments": [8580, 9944, 24962, 10106], "label": "dispenser"}, {"objectId": 4, "id": 4, "partId": 4, "index": 19, "dominantNormal": [-0.10490726679563522, -0.9944819808006287, -2.2081935853193816e-16], "obb": {"axesLengths": [0.5329928406308686, 2.097291959137648, 0.40200770107483796], "centroid": [-0.9519752179406791, -0.16271570426214277, -0.4613540393210789], "normalizedAxes": [0.9944819808006287, -0.10490725934505463, -2.3294090955040453e-17, 0, -2.220446049250313e-16, 1, -0.10490725934505463, -0.9944819808006287, -2.2081935853193816e-16]}, "segments": [9107, 9121, 9138, 9437, 9511, 9520, 9549, 10346, 10363, 10395, 11954, 12920, 12992, 13006, 14729, 14843, 14871, 15155, 15229, 15241, 15343, 15344, 15390, 16052, 16078, 16082, 16096, 16108, 16199, 22850, 22863, 23422, 23435, 23466, 23471, 23770, 25630, 25827, 25833, 25913, 26051, 26395, 26424, 26510, 26875, 28453, 28455, 28623, 28986, 29016, 29032, 29062, 29392, 29417, 29424, 14956, 9200, 26863, 20334, 9199, 9052, 9058, 9060, 9063, 13445, 16034, 16194, 16261, 20261, 20333, 23563, 23900, 24984, 24989, 24992, 25427, 25908, 27760, 27763, 28043, 28536, 12870], "label": "shower curtain"}, {"objectId": 10, "id": 10, "partId": 10, "index": 20, "dominantNormal": [-0.4425536096096039, -0.896742045879364, -1.9911673329694768e-16], "obb": {"axesLengths": [1.4888914993031375, 0.7599999138712902, 0.2545782511974836], "centroid": [0.679591972321946, 1.7342282863147171, 1.049999896471502], "normalizedAxes": [0.896742045879364, -0.4425536096096039, -9.826664140391103e-17, 0, -2.220446049250313e-16, 1, -0.4425536096096039, -0.896742045879364, -1.9911673329694768e-16]}, "segments": [17967, 19152, 19186, 19764, 19825, 20612, 27100], "label": "wall"}, {"objectId": 20, "id": 20, "partId": 20, "index": 21, "dominantNormal": [0, -2.220446049250313e-16, 1], "obb": {"axesLengths": [1.2813460482998154, 0.060890077183617386, 0.8178234080442611], "centroid": [0.46448683672034896, 2.48964663737614, 1.2004449073471517], "normalizedAxes": [0.11245284229516983, 0.9936570525169373, 2.2063618765709442e-16, 0, -2.220446049250313e-16, 1, 0.9936570525169373, -0.11245284229516983, -2.4969546940127836e-17]}, "segments": [12053, 19567], "label": "ceiling"}], "scan_id": "0ad2d3a1-79e2-2212-9b99-a96495d9f7fe", "annId": "6439", "appId": "stk.v1"}